18302
830
80
8030
8031
8032
8033
10
09
1032
1033
22
032
033
034
035
036
037
038
039
040
04
20
1312
1314
1315
1316
03
02424
395
00
40
97
90
183
019
19
08
1830
401
999
01
001
002
003
004
005
025
666
8302
023
103
11
083
044
12345
33
32
35
43
12
31
17
25
323
38
350
322
21
26
27
2525
2323
24
23
16
44
55
518
559999
99999
024
34
9999
05
034034
30
39
41
026
041
2916
516
052
092
029
009
0505050505
0303
0333
116
229
13
256
03434
027
15
14
36
3225
225
337
42
37
1734
02
28
06
07
4501
4523
4502
45044504
4524
4534
4503
529
4529
4504
4525
4505
4526
45
4507
4530
4527
530
4535
4508
4531
219
60
172
29
531
126
43232
412
020220
6606
504
4517
4538
450
45164516
4512
40254029
450445
17041
180
15151
123
121803
70
632
353535353535
10318302
45384538
3232
18303
035151
303
18304
125
